0.07833333333333334 0.15
0.16 0.1575
0.15 0.2275
0.345 0.1
0.21666666666666667 0.2525
0.2816666666666667 0.2475
0.16666666666666666 0.3275
0.23166666666666666 0.36
0.165 0.455
0.23666666666666666 0.545
0.255 0.66
0.30333333333333334 0.635
0.265 0.7575
0.455 0.5825
0.54 0.715
0.5466666666666666 0.825
0.63 0.8525
0.585 0.665
0.5366666666666666 0.565
0.4266666666666667 0.445
0.42 0.3025
0.43333333333333335 0.2025
0.505 0.395
0.495 0.33
0.49833333333333335 0.195
0.58 0.2525
0.605 0.4775
0.6716666666666666 0.365
0.6866666666666666 0.2625
0.7466666666666667 0.1825
0.775 0.4275
0.7333333333333333 0.4975
0.8033333333333333 0.535
0.8183333333333334 0.335
0.7983333333333333 0.245
0.8033333333333333 0.145
0.88 0.15
0.91 0.35
0.8233333333333334 0.6975
0.9066666666666666 0.66
0.86 0.8225
0.9433333333333334 0.8225